p = 2, irred = false, nu-inv = {1}
p = 3, irred = true , nu-inv = {1, 2}
p = 5, irred = false, nu-inv = {1, 2, 3, 4}
p = 7, irred = true , nu-inv = {1, 2, 3, 4, 5, 6}
p = 11, irred = true , nu-inv = {1, 2, 3, 4, 5, 6, 7, 8, 9, 10}
p = 13, irred = false, nu-inv = {2, 3, 4, 5, 6, 7, 8, 9, 10, 11, 12}
p = 17, irred = false, nu-inv = {2, 3, 4, 5, 6, 7, 8, 9, 10, 11, 12, 13, 14, 15, 16}
p = 19, irred = true , nu-inv = {2, 4, 5, 6, 7, 8, 9, 10, 11, 12, 13, 14, 15, 16, 17, 18}
p = 23, irred = true , nu-inv = {3, 5, 7, 9, 10, 11, 12, 13, 14, 15, 16, 17, 18, 19, 20, 21, 22}
p = 29, irred = false, nu-inv = {4, 6, 7, 9, 10, 11, 12, 13, 14, 15, 16, 17, 18, 19, 20, 21, 22, 23, 24, 25, 26, 27, 28}
p = 31, irred = true , nu-inv = {5, 8, 10, 11, 13, 14, 15, 16, 17, 18, 19, 20, 21, 22, 23, 24, 25, 26, 27, 28, 29, 30}
p = 37, irred = false, nu-inv = {6, 9, 10, 12, 13, 14, 15, 16, 17, 18, 19, 20, 21, 22, 23, 24, 25, 26, 27, 28, 29, 30, 31, 32, 33, 34, 35, 36}
p = 41, irred = false, nu-inv = {7, 10, 11, 14, 15, 17, 18, 19, 21, 22, 23, 24, 25, 26, 27, 28, 29, 30, 31, 32, 33, 34, 35, 36, 37, 38, 39, 40}
p = 43, irred = true , nu-inv = {7, 11, 14, 15, 18, 19, 20, 21, 22, 24, 25, 26, 27, 28, 29, 31, 32, 33, 34, 35, 36, 37, 38, 39, 40, 41, 42}
p = 47, irred = true , nu-inv = {7, 11, 12, 15, 16, 17, 19, 20, 21, 23, 24, 25, 26, 27, 28, 29, 30, 31, 32, 33, 34, 35, 36, 37, 38, 39, 40, 41, 42, 43, 44, 45, 46}
p = 53, irred = false, nu-inv = {9, 13, 14, 18, 19, 22, 23, 25, 27, 28, 29, 30, 31, 32, 34, 35, 36, 37, 38, 39, 40, 41, 43, 44, 45, 46, 47, 48, 49, 50, 51, 52}
p = 59, irred = true , nu-inv = {9, 14, 15, 19, 20, 21, 24, 25, 26, 27, 29, 30, 31, 32, 33, 34, 35, 36, 37, 38, 39, 40, 41, 42, 43, 44, 45, 46, 47, 48, 49, 50, 51, 52, 53, 54, 55, 56, 57, 58}
p = 61, irred = false, nu-inv = {11, 16, 17, 21, 22, 23, 26, 27, 28, 29, 31, 32, 33, 34, 35, 36, 37, 38, 39, 40, 41, 42, 43, 44, 45, 46, 47, 48, 49, 50, 51, 52, 53, 54, 55, 56, 57, 58, 59, 60}
p = 67, irred = true , nu-inv = {11, 17, 18, 22, 24, 25, 28, 29, 31, 33, 35, 36, 37, 38, 39, 40, 42, 44, 45, 46, 47, 48, 49, 50, 51, 52, 53, 55, 56, 57, 58, 59, 60, 61, 62, 63, 64, 65, 66}
p = 71, irred = true , nu-inv = {12, 18, 19, 24, 25, 26, 30, 31, 32, 33, 36, 37, 38, 39, 40, 42, 43, 44, 45, 46, 47, 48, 49, 50, 51, 52, 53, 54, 55, 56, 57, 58, 59, 60, 61, 62, 63, 64, 65, 66, 67, 68, 69, 70}
p = 73, irred = false, nu-inv = {13, 19, 20, 25, 26, 27, 31, 32, 33, 35, 37, 38, 39, 41, 42, 43, 44, 45, 47, 48, 49, 50, 51, 53, 54, 55, 56, 57, 59, 60, 61, 62, 63, 64, 65, 66, 67, 68, 69, 70, 71, 72}
p = 79, irred = true , nu-inv = {13, 20, 21, 26, 28, 29, 33, 34, 36, 37, 39, 41, 42, 44, 45, 46, 47, 49, 50, 52, 53, 54, 55, 57, 58, 59, 60, 61, 62, 63, 65, 66, 67, 68, 69, 70, 71, 72, 73, 74, 75, 76, 77, 78}
p = 83, irred = true , nu-inv = {14, 21, 22, 28, 29, 30, 35, 36, 37, 39, 42, 43, 44, 46, 47, 49, 50, 51, 53, 54, 55, 56, 57, 58, 60, 61, 62, 63, 64, 65, 67, 68, 69, 70, 71, 72, 74, 75, 76, 77, 78, 79, 80, 81, 82}
p = 89, irred = false, nu-inv = {15, 22, 24, 30, 31, 33, 37, 39, 40, 42, 45, 46, 48, 49, 51, 52, 54, 55, 57, 58, 59, 60, 61, 63, 64, 66, 67, 68, 69, 70, 72, 73, 74, 75, 76, 77, 78, 79, 81, 82, 83, 84, 85, 86, 87, 88}
p = 97, irred = false, nu-inv = {17, 25, 27, 33, 35, 37, 41, 43, 45, 46, 49, 51, 53, 54, 56, 57, 59, 61, 62, 64, 65, 66, 67, 69, 70, 72, 73, 74, 75, 77, 78, 80, 81, 82, 83, 85, 86, 88, 89, 90, 91, 93, 94, 95, 96}
