p = 2, irred = false, nu-inv = {1}
p = 3, irred = false, nu-inv = {1, 2}
p = 5, irred = false, nu-inv = {1, 2, 3, 4}
p = 7, irred = false, nu-inv = {1, 2, 3, 4, 5, 6}
p = 11, irred = false, nu-inv = {1, 2, 3, 4, 5, 6, 7, 8, 9, 10}
p = 13, irred = false, nu-inv = {2, 3, 4, 5, 6, 7, 8, 9, 10, 11, 12}
p = 17, irred = false, nu-inv = {2, 3, 4, 5, 6, 7, 8, 9, 10, 11, 12, 13, 14, 15, 16}
p = 19, irred = false, nu-inv = {3, 5, 6, 7, 8, 9, 10, 11, 12, 13, 14, 15, 16, 17, 18}
p = 23, irred = false, nu-inv = {3, 5, 6, 7, 8, 9, 10, 11, 12, 13, 14, 15, 16, 17, 18, 19, 20, 21, 22}
p = 29, irred = false, nu-inv = {5, 7, 8, 10, 11, 12, 13, 14, 15, 16, 17, 18, 19, 20, 21, 22, 23, 24, 25, 26, 27, 28}
p = 31, irred = false, nu-inv = {5, 8, 10, 11, 12, 13, 15, 16, 17, 18, 19, 20, 21, 22, 23, 24, 25, 26, 27, 28, 29, 30}
p = 37, irred = false, nu-inv = {7, 10, 11, 13, 14, 15, 16, 17, 18, 19, 20, 21, 22, 23, 24, 25, 26, 27, 28, 29, 30, 31, 32, 33, 34, 35, 36}
p = 41, irred = false, nu-inv = {7, 10, 12, 14, 15, 16, 17, 19, 21, 22, 23, 24, 25, 26, 27, 28, 29, 30, 31, 32, 33, 34, 35, 36, 37, 38, 39, 40}
p = 43, irred = false, nu-inv = {7, 11, 12, 14, 16, 17, 18, 19, 21, 22, 23, 24, 25, 26, 28, 29, 30, 31, 32, 33, 34, 35, 36, 37, 38, 39, 40, 41, 42}
p = 47, irred = false, nu-inv = {8, 12, 13, 16, 17, 18, 20, 21, 22, 23, 24, 25, 26, 27, 28, 29, 30, 31, 32, 33, 34, 35, 36, 37, 38, 39, 40, 41, 42, 43, 44, 45, 46}
p = 53, irred = false, nu-inv = {9, 13, 15, 18, 19, 21, 22, 24, 25, 27, 28, 30, 31, 33, 34, 35, 36, 37, 39, 40, 41, 42, 43, 44, 45, 46, 47, 48, 49, 50, 51, 52}
p = 59, irred = false, nu-inv = {10, 15, 17, 20, 22, 23, 25, 27, 28, 30, 32, 33, 35, 36, 37, 38, 40, 41, 42, 43, 45, 46, 47, 48, 49, 50, 51, 52, 53, 54, 55, 56, 57, 58}
p = 61, irred = false, nu-inv = {11, 16, 18, 21, 23, 25, 26, 28, 30, 31, 32, 33, 35, 36, 37, 38, 40, 41, 42, 43, 45, 46, 47, 48, 50, 51, 52, 53, 55, 56, 57, 58, 59, 60}
p = 67, irred = false, nu-inv = {12, 18, 19, 23, 25, 27, 29, 30, 33, 34, 36, 38, 40, 41, 42, 44, 45, 46, 47, 48, 49, 51, 53, 55, 56, 57, 58, 59, 60, 61, 62, 63, 64, 66}
p = 71, irred = false, nu-inv = {12, 18, 20, 24, 26, 28, 30, 32, 34, 36, 38, 40, 42, 44, 46, 48, 50, 52, 54, 56, 58, 60, 62, 64, 66, 68, 70}
p = 73, irred = false, nu-inv = {14, 20, 22, 26, 28, 30, 32, 34, 36, 38, 40, 42, 44, 46, 48, 50, 52, 54, 56, 58, 60, 62, 64, 66, 68, 70, 72}
p = 79, irred = false, nu-inv = {14, 21, 23, 27, 30, 32, 34, 36, 39, 40, 41, 43, 45, 47, 48, 49, 52, 54, 56, 58, 60, 61, 62, 63, 65, 67, 69, 71, 72, 73, 74, 75, 76, 78}
p = 83, irred = false, nu-inv = {15, 22, 24, 29, 31, 33, 36, 38, 40, 42, 43, 45, 47, 49, 50, 52, 54, 56, 57, 59, 61, 63, 64, 66, 68, 70, 71, 73, 75, 77, 78, 79, 80, 82}
p = 89, irred = false, nu-inv = {16, 23, 26, 31, 33, 36, 38, 41, 43, 46, 48, 51, 53, 56, 58, 60, 61, 63, 66, 68, 70, 71, 73, 75, 76, 78, 80, 81, 83, 85, 86, 88}
p = 97, irred = false, nu-inv = {18, 26, 29, 34, 37, 40, 42, 45, 48, 50, 51, 53, 56, 58, 59, 61, 64, 66, 67, 69, 72, 74, 75, 77, 80, 82, 83, 85, 88, 90, 91, 93, 94, 96}
